.Random.seed <-
c(403L, 212L, 480195794L, 1901433288L, -161438431L, -705988229L, 
-403298647L, -1419502112L, 146443295L, 1115259245L, -2047718213L, 
-441175894L, 211517281L, -652374879L, -336284410L, 249972679L, 
-1011964556L, -455203365L, 199518954L, 1576692902L, 1711808729L, 
-1974764891L, -1622767237L, 1980642011L, 2043138534L, -1321490466L, 
909930794L, 1247545408L, 961372159L, -1675052849L, -1086080870L, 
129849815L, 1433051245L, 858671168L, -2058523698L, -974633365L, 
671044806L, -1576190556L, 1333237168L, -2113025244L, 632750881L, 
-1042238531L, -630322154L, -574304549L, 991883531L, -1800197906L, 
-884753815L, -1468904014L, -735096468L, 1020742709L, 250421081L, 
-1118409403L, -1008625802L, -1856022704L, 1316488192L, 1772077345L, 
1034632372L, -1276426997L, 1808792323L, -521637892L, 1417999200L, 
-372316653L, 943640600L, -1623221976L, 352922775L, -1733879120L, 
-868633769L, 759440180L, 186343204L, 1277357010L, -1166775338L, 
-116590496L, -457689012L, 1549206622L, -274494084L, 1646308709L, 
-1263575611L, -1885438485L, 1869508070L, -888253074L, 795440442L, 
-425585907L, 702763078L, -1848650494L, -607841140L, 2020232324L, 
2063945520L, 1970011477L, 1142316399L, -151938171L, -393407145L, 
173728778L, -302355858L, 1353253300L, 2070211592L, -133653488L, 
-1010002282L, 1590995912L, -2015803641L, 1479401885L, 1127115134L, 
-1513549749L, -60213243L, -1612813810L, -792271248L, -413048825L, 
1403638179L, 1073499466L, -544711243L, 85622178L, -725398112L, 
1981113213L, 1200226858L, -311085715L, 253014912L, -1593290007L, 
-914746584L, 604203422L, -1316052896L, 1905462818L, 984788208L, 
35080401L, -1829961806L, 995634021L, 1609751667L, 1383424582L, 
-1411353807L, -835503043L, -292137544L, -301809361L, 1062125358L, 
481250633L, -687550467L, -1038825232L, 2126258078L, -834344610L, 
1120394858L, -1479453144L, -56090454L, 83884066L, -1900018648L, 
2080384930L, 1683764723L, -264663884L, 133573539L, -1064884035L, 
1008878601L, -1010532735L, 1791477933L, 811930083L, 122214462L, 
1272152796L, -1282756195L, 270290289L, -1064364101L, 560543792L, 
-1390838188L, 370119408L, -1679265178L, 684599642L, 1772808794L, 
-1972768508L, -1098162237L, -234919534L, -379262943L, -2082233755L, 
340421166L, -1325223564L, 682604191L, 466712191L, 1829507988L, 
2085481788L, 262990472L, 1563121714L, 221632438L, -2026077925L, 
-693325666L, 1148983242L, 2004433096L, -1534370091L, -34211627L, 
-1494852778L, 1516109599L, -851951878L, -2027575433L, -1608599907L, 
-1557119830L, 1629336629L, -1175217610L, -18159189L, 1344155966L, 
-847301295L, 479767067L, -1606882086L, -98331609L, 613289464L, 
-1000423210L, -372362054L, 186829906L, 104886862L, -1636069600L, 
594547039L, 827419546L, 905944747L, 1692329876L, -879287359L, 
-1145175413L, -2104800261L, 510876907L, 514206524L, 600851938L, 
887880524L, -1274689752L, 427327155L, 783252824L, -1955331903L, 
-959090906L, -62404041L, 1666223371L, -1193185799L, -1748527716L, 
1300262932L, -1875164495L, -216557416L, 199009715L, -407367073L, 
-707800929L, 2143425987L, 538502856L, 1866199254L, -1183731858L, 
-661972140L, -275094352L, -1012306633L, 2112593406L, -1940365277L, 
1143610195L, -124643578L, -67212886L, 1192531586L, -1459494688L, 
-1376532267L, 1849618135L, -30549319L, 548422629L, 1729915894L, 
-338072953L, -1420224988L, 843977785L, 597026217L, -2033106463L, 
-567626534L, -739846444L, 443800355L, 511886823L, 1240774685L, 
1921533922L, 1657400423L, -258763103L, -384442507L, -387417880L, 
1702292747L, -688105643L, -1069602389L, -1177834919L, 1668589991L, 
1686634453L, 136439377L, 1514719484L, -226568952L, -16709328L, 
-680733206L, -2058585227L, -707254325L, 1351971309L, -1515772768L, 
1070824874L, -145374439L, 1409235670L, 899162550L, 978470719L, 
1454926982L, -2077146145L, -2083645136L, -1044416844L, -361893235L, 
1230315368L, 1042955057L, -127537120L, 815607443L, 197553358L, 
1709907706L, -1239123303L, -1559712522L, -1817790627L, -514101017L, 
504727109L, 905263184L, -1119634776L, 442470634L, 1856033984L, 
-1111503886L, 1696141601L, -1482976627L, -1593178265L, 1131975007L, 
-1450554487L, 438947199L, 43442481L, 956392680L, -1501162761L, 
471896498L, -229205612L, 1585733061L, 1790074976L, 1324235028L, 
-1413545086L, -1533217847L, 1868212093L, 339534554L, 1100222062L, 
-666502104L, 1450114596L, 431224680L, -434563568L, -1503150133L, 
-534986809L, 1816703035L, -374668119L, -1824095592L, 1386275823L, 
94813966L, 433716168L, 968358970L, 2052975674L, -837450549L, 
1145741420L, -1624929664L, -1690283361L, 951631197L, -2006034345L, 
-1759245322L, 1662839542L, 871092805L, -345353123L, -2034470770L, 
-1335112445L, -1197051698L, 938358682L, -2042520737L, 890603936L, 
-453446807L, 1363866824L, 1181193984L, -1185919064L, -94613620L, 
-374793645L, 1393140591L, 780703983L, -1633446261L, -290354377L, 
-55416589L, 393159518L, 1506013285L, 1623487397L, -860616731L, 
-2113751372L, -1465043761L, 1607941112L, -1244122004L, 722687125L, 
-1523717418L, 1635013590L, 66385594L, 1128926337L, 942856277L, 
1564266515L, 1273298142L, 331387049L, -1370802182L, 70703880L, 
-118452362L, 41138766L, 421775812L, -1565294695L, 628028426L, 
913014502L, 2132389703L, -563129349L, -979683497L, -1203575428L, 
833931289L, -905806880L, -1446153276L, -230623343L, 661843275L, 
1680043538L, 550564688L, -1613050829L, -1301607601L, 1949541080L, 
160986990L, -655998546L, 1486840150L, 154458415L, -1579053452L, 
-1438807799L, 599863535L, -971453593L, -1674640182L, -419360205L, 
2012136392L, 580529893L, 785174465L, 101811228L, 1428172135L, 
885639810L, -1306711268L, -1960240606L, 1065660502L, 1289518319L, 
-814468755L, -2037918634L, 1189709433L, -732173759L, -1709944819L, 
441138107L, -1090985848L, -924003597L, -359155732L, 156830803L, 
1860143540L, -148741626L, -538070914L, 2107105248L, -1474440565L, 
-1503879515L, 698726678L, -1126678543L, -1152941423L, 1114875858L, 
2024730638L, -1674422671L, 733483636L, -161844846L, -1837296639L, 
-1895893285L, 330363896L, -1495029765L, -294897247L, 1365672887L, 
-1411176428L, 470952385L, -1943668744L, -699895770L, -1930570938L, 
-1770079022L, 2142232827L, 537807046L, -1731670599L, 1547441080L, 
-684534403L, 1439265154L, 49702030L, -858532750L, -667850647L, 
-284715403L, 2120587211L, -1910410799L, 768802599L, -351673249L, 
1692674563L, 1467570299L, 442354401L, 1912427910L, -1741995623L, 
-576639403L, 95299559L, 313606955L, 1765469980L, -998759772L, 
1603608162L, -1231864117L, -1958280973L, 1922636946L, 542661017L, 
377831228L, -258362489L, 1565870815L, 369295052L, 124815899L, 
-1214735173L, 1778323025L, 477594565L, 405843525L, 454168268L, 
714380015L, -341048274L, 242318807L, -114852977L, 800544410L, 
2115161517L, 85203828L, -462203294L, -867255032L, 116536364L, 
-517485602L, 1988037313L, -1866145753L, 398846672L, -1876345022L, 
-328769024L, -190525917L, 2072789653L, 430397892L, -261834180L, 
-1153798568L, 124554888L, -1186086003L, -1901955991L, -1075747356L, 
1198436250L, 734267988L, -599431478L, -107813010L, 115989167L, 
-1592634067L, -1056054814L, -560315044L, -710529926L, -975887461L, 
1284986482L, -1828585607L, -96686513L, 511980394L, 2133656228L, 
-1372741765L, 987032142L, 1294461215L, -1931571754L, 1547447638L, 
1300781322L, 1252710323L, -1501836770L, 845496620L, -337149209L, 
1169103071L, 1901537753L, -1515078280L, 1675856974L, 1684021105L, 
-1448894031L, -1176988830L, -1776761700L, -2046280808L, -646254155L, 
1001346353L, 155145598L, 382078633L, 1667338358L, 276563298L, 
1837514292L, 1055504545L, 1942340447L, -339946243L, -432473722L, 
374929490L, 348380237L, 342930710L, 697373297L, 516127460L, -1364879922L, 
-1930220725L, 1406371268L, 225249523L, 1255126278L, -1059803590L, 
-635091847L, -1875356374L, 924201997L, 1453398192L, -914195841L, 
1946639308L, 1405615856L, -1722410827L, 1656013314L, 1705921103L, 
-1886951522L, 764176354L, 687908292L, 1135164050L, -835184676L, 
-1812998148L, -590298645L, -815132386L, 1578268214L, -1216025643L, 
